#RC_HA  expt_HA         REHT_HA                 REST_HA 
4.64 4.25		4.60777369052		4.61493442623
4.47 4.39		4.53694962015		4.51435665734
4.73 4.61		4.58788804478		4.5456357457
4.32 4.22		4.30307077169		4.30860335866
4.32 4.2		4.28812195122		4.36998680528
4.34 4.19		4.33920671731		4.34933226709
4.73 4.61		4.53447421032		4.54158776489
4.73 4.62		4.49716953219		4.51366973211
3.96 3.87		3.68352379048		3.68191763295
4.55 4.5		4.45185765694		4.44936665334
4.32 4.21		4.35963534586		4.24611035586
4.34 4.2		4.33167013195		4.30131947221
4.32 4.22		4.32593322671		4.28249420232
4.62 4.51		4.60458696521		4.69130467813
4.73 4.67		4.6766177529		4.65263414634
4.35 4.21		4.18073730508		4.32805157937
4.32 4.2		4.11403198721		4.41142862855
4.73 4.6		4.3966217513		4.48717632947
4.73 4.58		4.52377129148		4.45557097161
4.47 4.37		4.47436305478		4.13039504198
4.73 4.67		4.63401359456		4.47635705718
4.34 4.26		4.43005917633		4.3578572571
3.96 3.86		3.72267093163		3.49366733307
4.55 4.53		4.5605937625		4.50815313874

