# Chemical shifts of C-alpha atoms
#Expt 					Predicted
56.37				    56.282679
58.30				    61.663518
57.80				    59.998947
62.15				    60.40212
62.52				    60.649145
55.44				    57.237383
44.72				    45.028475
54.75				    52.662748
56.27				    57.854337
58.91				    56.758538
45.12				    44.861219
58.62				    57.416561
55.02				    54.875212
50.57				    51.128104
58.85				    59.8789
58.53				    56.873393
63.18				    61.021555
54.72				    54.359761
63.56				    63.085425
52.27				    54.424462
44.79				    44.853051
58.10				    56.204192
52.07				    52.404927
55.07				    55.406692
59.15				    58.167683
53.45				    54.754386
52.27				    54.272842
53.65				    54.03534
55.15				    54.027115
52.91				    52.627464
53.70				    55.420522
64.56				    61.254529
53.70				    53.6116
55.48				    56.81602
55.35				    56.023026
59.35				    60.535079
55.18				    55.114212
55.49				    55.856111
57.05				    57.819171
60.64				    62.208745
58.28				    55.778864
55.30				    53.323296
62.07				    62.48875
56.26				    56.072308
56.06				    58.383448
53.86				    54.889229
58.22				    55.786299
57.32				    54.837613
