# Chemical shifts of C-beta atoms
# EXpt					Predicted
33.54				    32.4985557221
36.04				    32.9554152924
42.47				    39.6448590705
37.21				    38.9674107946
69.07				    70.6457891054
34.54				    30.3630654673
18.39				    19.2403808096
37.99				    40.1140774613
29.12				    29.6342403798
38.96				    40.2898905547
30.39				    30.2894127936
25.07				    21.0154462769
40.78				    39.4208770615
39.28				    41.6269455272
69.17				    70.4201034483
29.42				    30.2860409795
32.69				    32.0751209395
41.48				    41.429856072
30.39				    30.4387976012
21.17				    19.5676166917
34.99				    31.1391044478
67.99				    64.1419435282
30.70				    34.578193903
44.21				    43.790854073
43.88				    44.452045977
44.33				    43.998930035
39.02				    40.2485412294
42.10				    43.0119245377
35.57				    38.1262463768
38.31				    38.3566671664
34.73				    31.6473663168
31.64				    30.7732328836
41.70				    38.4958535732
33.67				    34.0147826087
35.67				    30.6626681659
62.51				    63.9871094453
35.61				    32.6117896052
33.62				    33.0886476762
36.92				    39.1870209895
68.36				    69.7022643678
29.10				    30.4997161419
42.29				    39.246087956
33.74				    31.5028550725
33.83				    33.4341794103
43.63				    42.0499665167
